23
-1
113
131
106
279
224
78
110
214
55
174
152
65
197
30
15
240
165
96
184
1
19
21
285
109
243
179
214
78
144
154
62
106
190
449
255
106
287
71
318
199
198
-1
135
395
52
189
205
184
92
176
37
64
-1
47
257
131
26
198
188
270
14
87
35
147
270
279
157
177
-1
101
129
222
143
306
202
123
417
18
125
179
217
167
99
153
43
-1
-1
226
146
12
333
71
76
139
124
245
262
60
241
-1
110
177
-1
451
467
536
486
484
525
518
450
479
476
-1
-1
-1
-1
-1
-1
-1
451
467
536
486
484
525
518
450
479
476
455
465
474
452
440
409
503
470
447
477
506
508
502
454
466
507
404
476
463
409
495
503
501
485
486
501
463
432
541
485
439
379
382
522
424
468
487
490
414
414
413
487
446
371
452
439
496
521
421
480
402
433
454
416
526
441
464
468
445
468
493
490
381
472
433
526
449
515
568
